882
181
234
53
351
605
236
333
196
260
225
607
397
195
235
979
796
789
243
15
393
890
244
1327
628
115
873
758
1251
355
242
65
1046
441
1001
8
255
327
337
29
149
1120
1268
424
486
41
967
886
805
298
163
540
1322
289
349
585
2
250
392
684
965
698
62
774
762
705
966
769
1309
438
95
616
153
870
759
687
248
269
138
440
909
414
1208
835
58
1081
418
1229
1132
252
1100
1160
1197
292
621
1274
245
1144
984
282
6
1102
151
612
99
59
279
820
768
1250
494
760
216
372
1293
1103
848
215
994
126
90
502
198
701
189
837
40
1012
12
456
184
501
353
1141
1185
542
650
26
200
587
1206
199
37
588
300
1191
145
1240
1264
597
1156
1324
1026
1130
291
123
171
639
180
51
54
676
374
1242
347
111
287
118
748
383
376
1238
209
1321
429
404
22
477
72
545
43
56
834
331
471
874
434
620
102
233
887
853
1155
606
581
293
872
722
884
154
207
1051
838
1207
358
603
110
924
420
1263
856
580
401
511
764
806
706
433
259
36
666
711
1285
229
385
878
958
120
321
634
1031
570
439
408
141
11
403
1067
1205
224
405
895
413
1145
378
1306
652
428
596
1305
0
164
357
594
60
1176
812
468
278
312
266
894
1300
231
1311
728
134
1079
1082
1064
876
840
917
1237
1342
745
28
883
30
261
398
614
1020
734
582
1062
277
1218
916
320
112
495
1075
1118
865
273
166
1038
177
311
38
1153
125
1167
124
663
1316
232
370
960
995
852
726
1036
566
1323
842
810
316
529
1158
1216
445
625
257
975
757
14
409
881
709
1315
896
20
790
417
815
411
1307
956
103
565
1040
142
1113
579
1134
627
338
613
187
129
400
366
1339
448
230
746
155
772
34
130
862
959
1070
92
10
168
1262
85
1045
116
1287
632
388
490
708
1239
476
644
201
362
1224
305
1255
792
25
816
27
419
342
1283
465
600
107
367
755
992
1232
539
1296
444
309
900
988
786
1007
681
96
352
1198
655
1122
443
101
121
707
1220
487
194
1188
680
936
432
221
206
602
132
42
787
274
67
1320
903
1212
1044
332
368
575
631
1259
893
504
258
446
981
144
1034
731
1343
140
980
866
1142
1096
830
1092
308
386
1230
535
700
723
1154
1175
859
868
1231
426
691
509
595
340
1063
133
365
1030
431
1336
836
1068
170
1330
310
84
364
218
750
246
693
173
560
1199
344
784
568
214
1047
94
416
